              precision    recall  f1-score   support

           0       0.60      0.69      0.64       495
           1       0.60      0.42      0.50       512
           2       0.91      0.86      0.88       899
           3       0.62      0.58      0.60       608
           4       0.82      0.79      0.80       400
           5       0.60      0.77      0.68       620

    accuracy                           0.70      3534
   macro avg       0.69      0.69      0.68      3534
weighted avg       0.71      0.70      0.70      3534
