              precision    recall  f1-score   support

           0       0.61      0.70      0.65       495
           1       0.61      0.42      0.50       512
           2       0.89      0.87      0.88       899
           3       0.62      0.60      0.61       608
           4       0.82      0.80      0.81       400
           5       0.62      0.76      0.68       620

    accuracy                           0.71      3534
   macro avg       0.69      0.69      0.69      3534
weighted avg       0.71      0.71      0.70      3534
