              precision    recall  f1-score   support

           0       0.62      0.66      0.64       495
           1       0.59      0.41      0.48       512
           2       0.90      0.88      0.89       899
           3       0.60      0.63      0.61       608
           4       0.81      0.78      0.79       400
           5       0.62      0.75      0.68       620

    accuracy                           0.70      3534
   macro avg       0.69      0.69      0.68      3534
weighted avg       0.70      0.70      0.70      3534
